1.002341539053070818e+02 2.426161455160163030e+02
8.939213771576336853e+01 2.638970664204177865e+02
1.013665751280820047e+02 2.760797625226373384e+02
8.582796356675927996e+01 2.565242767073792720e+02
8.795262986701459340e+01 2.539854338046746705e+02
9.100356645886098761e+01 2.646994637905494869e+02
9.182513588798801152e+01 2.678478579473991203e+02
9.420734102611773153e+01 2.633578487025472441e+02
1.005326482935108601e+02 2.598142216037699086e+02
9.724394714966119579e+01 2.620093929687917580e+02
9.022366108747421265e+01 2.546324953865267275e+02
9.708858620409959883e+01 2.699053162951936997e+02
8.023889352731572444e+01 2.617702216336246011e+02
8.946539067233887010e+01 2.447944057061942544e+02
8.338819674041326380e+01 2.494350329956306780e+02
8.728754883584747404e+01 2.517614422784855890e+02
8.832062375241031305e+01 2.620378089824365020e+02
8.178816505638855006e+01 2.605999816014252133e+02
9.194822776267848496e+01 2.528518302095346826e+02
8.298428307520431702e+01 2.548085514996210463e+02
9.164002109851402622e+01 2.537174370798383336e+02
1.062419073390023811e+02 2.635791458264084213e+02
9.055590152672651527e+01 2.652324688674078743e+02
9.011457251977027738e+01 2.644370421971943870e+02
8.546303153536963748e+01 2.536501284447562909e+02
8.125011375173640715e+01 2.436738553522169184e+02
7.463331658595824081e+01 2.618980025258963451e+02
9.435142556837743655e+01 2.514690376648356676e+02
8.897311735399144084e+01 2.708477291714602302e+02
8.451236844709049478e+01 2.711004553348963668e+02
9.201391457457394552e+01 2.514384165169686867e+02
9.147980836772180169e+01 2.620297541033859829e+02
8.317631569119333790e+01 2.622898084056465109e+02
9.078753604861852011e+01 2.503117974827380294e+02
9.627047585314150524e+01 2.537933714382957078e+02
8.626841509881245429e+01 2.730051588257857134e+02
8.417376653229035810e+01 2.546947448002481735e+02
9.097351878370974987e+01 2.490009348567150766e+02
8.289585307599078590e+01 2.486957449723534808e+02
8.085008408310429218e+01 2.427311004693364396e+02
9.241038486663059359e+01 2.755108549709327121e+02
9.343318827629833834e+01 2.651418753047370274e+02
7.985483894134347338e+01 2.655915075541465171e+02
8.037083715817833252e+01 2.525636389309562446e+02
8.035104047593108589e+01 2.710769985385317113e+02
8.460016007804088645e+01 2.670411611091531086e+02
7.659712535704684910e+01 2.596522410461758454e+02
8.668950190410818379e+01 2.634806795411981852e+02
8.728065776959697075e+01 2.557812660297346667e+02
8.305447163695696133e+01 2.605550584943237027e+02
9.118808456492951109e+01 2.615906669902087742e+02
9.002965485679179380e+01 2.695133809212672986e+02
7.990854220799565155e+01 2.506161363177159558e+02
9.283237626789741626e+01 2.552931588357564578e+02
8.471943983037144221e+01 2.677011519650602622e+02
8.506790573699383629e+01 2.590965867484896421e+02
8.588623873131281528e+01 2.564336340693000125e+02
8.346402823047218078e+01 2.737525862558214271e+02
7.799039083697441299e+01 2.768025947865494913e+02
9.112172569507609410e+01 2.661814441931241504e+02
9.416327890396257771e+01 2.643910619845680117e+02
9.366130207149879539e+01 2.622442026897284109e+02
8.966517875571027218e+01 2.646115670785914062e+02
8.601139806135013544e+01 2.357418183345806995e+02
8.760918946425353226e+01 2.718568515393556595e+02
8.657717654937050611e+01 2.701400665373652146e+02
9.078248988582068080e+01 2.653774518958473436e+02
8.948416232344834498e+01 2.599411024905149361e+02
9.162749631564994957e+01 2.525756886318689283e+02
8.580710816989798673e+01 2.507205870626373780e+02
8.830293738834645012e+01 2.807439475688197490e+02
8.035101866691212535e+01 2.580412706517872721e+02
9.313908090275126028e+01 2.557704763069151568e+02
8.446426727943612889e+01 2.775140269650298137e+02
8.527305770270616847e+01 2.569421614071984550e+02
8.668698093413618722e+01 2.522870163604319202e+02
1.022774054738704592e+02 2.591003050239145296e+02
8.466830756899460653e+01 2.588620987925023655e+02
8.169894600059441814e+01 2.649757303835572202e+02
8.575002189287668841e+01 2.557295049858083189e+02
8.103689020208399540e+01 2.415166385121553390e+02
7.923962500470757675e+01 2.694398837258196409e+02
8.556298173085566816e+01 2.549142810969733546e+02
8.579350964873032126e+01 2.562790658398364485e+02
8.182385417989858922e+01 2.578912288959076591e+02
9.184539871478223461e+01 2.499386544144416007e+02
9.123930033170984188e+01 2.473012380975681594e+02
9.419650737500263915e+01 2.721995078274966318e+02
7.214014954767336008e+01 2.487679951597640979e+02
7.844172727919877275e+01 2.595126542891557051e+02
7.236291910712652964e+01 2.586446438493903202e+02
8.969297007847382019e+01 2.591676792588745002e+02
8.622589991474994520e+01 2.690966043779607162e+02
9.012816326532929168e+01 2.621012487077730952e+02
8.592330774149093031e+01 2.645946413774710209e+02
8.548823336057816391e+01 2.669146506580278242e+02
8.548908872279884008e+01 2.693826525760383674e+02
8.717173213395402342e+01 2.499030529069047475e+02
8.988144905765852855e+01 2.501457976977879980e+02
7.790867118510294631e+01 2.565045281397191275e+02
7.968672878993446318e+01 2.556665122611143772e+02
8.636476416164097714e+01 2.605201821873559425e+02
8.704962849897738408e+01 2.525281733922671492e+02
8.611259258163846653e+01 2.436476015237859656e+02
8.504353831898285421e+01 2.503367669164023255e+02
8.146784369122026703e+01 2.628024630659979834e+02
8.312258055450911343e+01 2.609553817293053726e+02
8.171556857182022782e+01 2.574927817948031930e+02
8.583173609540513382e+01 2.570862431756947899e+02
8.265542267913896524e+01 2.697660966626019672e+02
8.763149684547904883e+01 2.711539171059039859e+02
8.005481133873414024e+01 2.498178226281065122e+02
8.579081619628762212e+01 2.670519350928088897e+02
8.354188013590936635e+01 2.563452327315192179e+02
8.266440044297984002e+01 2.530049321835705030e+02
8.819164428079776030e+01 2.615941325550173246e+02
8.033461999483702698e+01 2.587479705538747226e+02
8.027135157227232298e+01 2.528198758376260002e+02
8.570659890117616442e+01 2.574502251247328104e+02
9.714367037017132134e+01 2.571944094758360393e+02
8.074917306612302070e+01 2.528730162437892091e+02
8.606974718429627558e+01 2.616183076519366182e+02
8.356940319432862907e+01 2.594442607803058536e+02
7.672344324323788101e+01 2.672835629814474601e+02
9.246597553877319342e+01 2.707695229250574585e+02
9.065018320542631614e+01 2.512040786994475923e+02
8.646654560691962388e+01 2.582878153959969154e+02
8.859224125396602290e+01 2.592397788114965920e+02
8.442257360712511627e+01 2.704388631177187676e+02
8.841823233455288289e+01 2.623010862629145095e+02
8.095640732416511298e+01 2.645271854335720150e+02
8.738165956892815700e+01 2.630649197210119610e+02
8.885698584447068527e+01 2.597920533982163533e+02
8.816342048143030752e+01 2.596445545721954318e+02
8.744767970257915124e+01 2.507727247689240926e+02
9.109333412950715569e+01 2.558577510514470816e+02
7.471859327446414056e+01 2.527346415572978344e+02
8.518559986974673848e+01 2.627480517630247050e+02
8.036769899393429739e+01 2.673207064029379580e+02
8.765896691569700749e+01 2.671995026170394567e+02
8.660326129875693368e+01 2.600917914396823107e+02
8.378127199508550405e+01 2.677097362551621700e+02
8.315146471829869768e+01 2.615259064033836580e+02
9.612539022100985164e+01 2.884648448869075992e+02
9.178741091922869089e+01 2.689470639375552423e+02
8.493423932348851224e+01 2.606917805047868342e+02
8.471908265883692479e+01 2.450570611515187522e+02
8.614712942172873511e+01 2.531043851212840821e+02
9.561076090053909127e+01 2.706415012000945239e+02
9.564173595279899587e+01 2.553713510025212656e+02
7.406816600529565164e+01 2.599556509562141855e+02
9.560498621701404431e+01 2.579937197152553949e+02
8.112968300159639057e+01 2.505777501572658821e+02
9.449279174681620930e+01 2.630171062013257028e+02
8.737542742599131884e+01 2.437643427349333933e+02
9.869847710679167108e+01 2.732830069515183595e+02
9.158148773379019758e+01 2.658958491393536292e+02
8.619033749187666160e+01 2.489966266532691179e+02
8.773702145673728126e+01 2.701182689780300166e+02
7.878459460488467414e+01 2.469850677076441627e+02
9.466448991546428715e+01 2.685144702336245359e+02
8.119940494162139544e+01 2.548540057865518520e+02
9.027177935806246012e+01 2.646791033470860839e+02
8.734539413281176223e+01 2.692392459383150367e+02
8.481244724692537318e+01 2.515731177272884054e+02
8.595298615386268182e+01 2.678067937952924922e+02
9.305872113160168624e+01 2.462568016839679501e+02
9.569188336578605458e+01 2.642899847865605238e+02
8.424797888978775973e+01 2.724840576476319711e+02
8.965656537590602682e+01 2.762076291074642995e+02
7.724269002468862766e+01 2.685413139010371424e+02
9.522985521232699568e+01 2.601234374290226015e+02
8.792506424836201973e+01 2.768946369010023432e+02
9.151432912079818038e+01 2.600431168318095274e+02
8.314598102571723359e+01 2.700325911500971756e+02
8.827904591637161502e+01 2.577068728717630393e+02
8.216278690949332031e+01 2.526490125830553097e+02
8.251375926797869909e+01 2.638764788285071177e+02
8.144158552261073680e+01 2.655523113402789477e+02
7.654898014687512386e+01 2.672603021805530261e+02
7.585228566042826515e+01 2.604035292903037089e+02
8.060260483502752038e+01 2.653029782006150867e+02
9.126914610525280125e+01 2.664164818651277642e+02
8.413807332593196975e+01 2.666722929537667710e+02
7.609552387646965599e+01 2.622669479073438765e+02
7.552548517882979695e+01 2.437240834521085162e+02
9.441792289395600335e+01 2.634560153573448815e+02
6.895266739047472981e+01 2.686513561959409344e+02
8.911335940129738731e+01 2.601730251537012464e+02
8.197157292523938565e+01 2.682902776159197060e+02
8.063375158265384357e+01 2.514890263644088577e+02
7.850436936928541343e+01 2.605597541467263909e+02
7.620458631791038329e+01 2.607725819217857861e+02
9.515423448383020855e+01 2.555718741877850846e+02
8.739229549911138406e+01 2.641275477914555836e+02
7.893752067155986651e+01 2.586175509432119952e+02
8.123146284983086218e+01 2.579841888293009333e+02
8.812872343937934261e+01 2.682662070942601531e+02
9.508585876625768663e+01 2.620610031475160895e+02
7.946383518860838535e+01 2.673517275045584256e+02
9.647471376767369122e+01 2.563884077119279823e+02
9.289848155968348919e+01 2.659029799510848306e+02
9.174905862626860653e+01 2.414779754224799149e+02
9.006876128548748284e+01 2.668213302903184854e+02
9.044797151223608012e+01 2.624526466754547300e+02
9.684364592064410715e+01 2.695703212655720904e+02
9.902825369715006332e+01 2.692576737380135228e+02
8.775103062047963931e+01 2.552354341488578200e+02
8.531220335387527598e+01 2.698879569794208919e+02
9.876719433669885007e+01 2.529614261501557166e+02
9.141805602668435426e+01 2.641244340957730401e+02
9.017927889128495167e+01 2.453633777214460281e+02
9.095125123794872479e+01 2.521241346182833922e+02
9.787633056729247016e+01 2.715330367549789798e+02
9.586465622872158576e+01 2.525573787296859507e+02
8.022341078211844945e+01 2.764592200387922958e+02
8.117391240975864264e+01 2.625292026774674810e+02
8.707298307458533770e+01 2.673303446300363362e+02
9.075001326531157986e+01 2.693689381301229560e+02
9.215016106720273115e+01 2.555908701340971447e+02
9.840299880862784221e+01 2.603950341793550933e+02
9.376425759782883063e+01 2.665827224051369058e+02
8.437619234033952864e+01 2.480806292408979061e+02
9.352083915798046121e+01 2.838426643471433977e+02
9.231675876051865259e+01 2.604226942308231969e+02
9.441610812264822528e+01 2.602552696956947784e+02
9.233941086766610340e+01 2.578335365142394267e+02
8.313575051590338205e+01 2.726147728590481165e+02
7.920696646539487062e+01 2.668014284706440549e+02
7.896041923718118483e+01 2.719208099506037684e+02
8.638307860402413496e+01 2.522946398414592011e+02
8.709635892903284571e+01 2.574194601238769451e+02
9.261801759176655935e+01 2.697736902387023861e+02
7.408892966649804634e+01 2.499722712924817074e+02
8.669997804281496201e+01 2.577632438236048529e+02
9.281414995845078408e+01 2.673015978529303993e+02
8.793328795130432241e+01 2.589785113675085313e+02
8.551707522996028388e+01 2.723707456933016147e+02
8.655216116950590788e+01 2.676103806489850854e+02
8.177231219724907874e+01 2.672271189001023117e+02
8.422517605471747970e+01 2.665229205969546911e+02
9.081001297306362119e+01 2.685130091988426670e+02
8.875182885452220205e+01 2.602238344839547040e+02
8.670333873443436801e+01 2.591415369433712499e+02
8.890679609142101469e+01 2.709719722556657189e+02
8.793811801243010962e+01 2.764315197252525991e+02
9.045887741335791077e+01 2.508841364842851362e+02
8.886613565772061918e+01 2.717592564918610947e+02
7.994469799703301760e+01 2.721795209482270366e+02
9.185893291195846189e+01 2.622254816245313691e+02
8.889947234967939949e+01 2.640986740417969827e+02
9.191137462763430221e+01 2.736277863748509276e+02
7.766788209524611375e+01 2.618722774098657737e+02
6.912122886686051970e+01 2.530683437461699157e+02
8.111765066646270839e+01 2.528471994162248677e+02
8.175421468684216109e+01 2.683084235721260029e+02
7.536620988321099901e+01 2.715251700386540961e+02
8.264843825425585067e+01 2.634703795510827149e+02
9.724803952887587855e+01 2.523913082110844357e+02
9.347373428097967007e+01 2.805446926820477529e+02
7.867370942195172745e+01 2.672332477676217195e+02
8.199798671285483920e+01 2.617396620110220056e+02
7.698563820593699347e+01 2.658101954428674389e+02
9.221550787414514616e+01 2.688009611177643592e+02
8.932235506296233041e+01 2.675867953718200170e+02
8.733651409753899486e+01 2.656093824791525435e+02
8.781192195362574182e+01 2.566958336393975060e+02
9.934508020722108768e+01 2.653256749858988428e+02
9.140579336447160586e+01 2.496528943701335663e+02
9.484486690823538879e+01 2.611880281439348437e+02
8.544039005394091646e+01 2.563657600760124069e+02
6.819456227793038749e+01 2.543415401940173126e+02
9.148542440706479795e+01 2.579902447338201910e+02
8.027256362415444357e+01 2.644125968489037177e+02
8.305044334988667742e+01 2.683441907247731137e+02
7.751519926247071623e+01 2.893931214487261059e+02
8.337865042065465104e+01 2.701398230750414768e+02
8.886316445592305513e+01 2.587353913649287733e+02
7.939817741979619825e+01 2.589271507289860779e+02
7.227226834226888741e+01 2.667252819106834636e+02
8.591420521094299545e+01 2.635097612809589123e+02
1.004393681421077247e+02 2.666163664006211889e+02
8.359356029641523378e+01 2.661495802691301833e+02
9.283058952462917546e+01 2.546943426009533766e+02
8.765458451270822593e+01 2.552732985499602592e+02
8.428314653037085691e+01 2.750220220176142902e+02
8.368566691968557336e+01 2.601973761667753138e+02
9.582378070175489881e+01 2.640497350424057572e+02
7.848291203113070935e+01 2.502373044797245711e+02
8.844753829602542794e+01 2.697063223529178231e+02
9.159807199980542691e+01 2.631762066283392301e+02
7.741612024993463592e+01 2.480722668727120208e+02
8.966921120577781323e+01 2.651070056274716080e+02
8.285866690708091653e+01 2.638202436712075496e+02
8.232625195839794685e+01 2.604991731315371908e+02
7.122244249728643695e+01 2.612559457822687250e+02
8.421690655706139239e+01 2.571324289588233114e+02
7.172046948665290245e+01 2.716204161194290236e+02
8.447191447238671458e+01 2.751483382488368079e+02
8.789033682820567606e+01 2.734512672259486976e+02
8.234634574943449081e+01 2.675699581136564120e+02
8.292499173989014594e+01 2.406508901733500352e+02
9.041416421923966595e+01 2.535097635022732732e+02
9.130205591394891940e+01 2.748164254565434135e+02
7.470869672788741411e+01 2.715770322983556753e+02
8.117778114778965914e+01 2.611935942080227733e+02
8.959194297657214179e+01 2.682764632619013696e+02
7.420813599711522102e+01 2.604071255841850530e+02
9.668396581772068998e+01 2.592560977688542039e+02
8.083141695013144101e+01 2.434375025697360115e+02
8.040387203162009655e+01 2.598558040790870791e+02
8.848608015003163985e+01 2.669449429483673839e+02
8.067643421320464370e+01 2.670019423034021315e+02
7.986270092963012246e+01 2.636121027121702127e+02
8.093435280195784287e+01 2.653090988333173641e+02
8.453823885962826523e+01 2.533329058236484741e+02
8.380778130816977978e+01 2.584847934371560996e+02
9.389257987027792751e+01 2.765741303697563467e+02
7.698363499488590378e+01 2.633404214683255873e+02
7.847702725268500501e+01 2.535328431825806490e+02
7.893688402075102317e+01 2.502470517797814580e+02
9.178669039461762225e+01 2.711974252599293891e+02
7.395382602388652060e+01 2.622395590901346054e+02
7.199544384333287894e+01 2.738576976070929732e+02
8.212064932523524874e+01 2.638526459889554872e+02
8.443863051004457532e+01 2.642923561329218387e+02
9.226037369229013052e+01 2.653581377509835875e+02
9.047304204524645854e+01 2.578193829532748396e+02
8.275917804223523433e+01 2.673402139273297848e+02
9.318005819976397675e+01 2.627040364589003616e+02
8.780104327449625146e+01 2.726939173092190458e+02
8.390140875882528348e+01 2.774830355578615126e+02
8.956342833643323331e+01 2.796272384439838561e+02
7.410007469243227263e+01 2.666146533954195661e+02
7.677620448631864747e+01 2.712738803253420770e+02
8.667617640981038107e+01 2.581605041682553860e+02
8.697735579352590207e+01 2.726249487173852799e+02
8.123640248029808220e+01 2.675182269608633874e+02
8.639186184461685514e+01 2.612634208315001274e+02
9.094392745603050798e+01 2.634436719519356984e+02
8.189432485304831744e+01 2.647980385484246426e+02
9.241692431597965651e+01 2.658795239430438642e+02
8.314794521040073505e+01 2.646335334671524606e+02
9.219545877447593796e+01 2.585069999011752202e+02
8.529931823754370157e+01 2.447169707030494124e+02
9.794255813331540139e+01 2.570023594383252998e+02
9.162795408107589878e+01 2.467017211179177423e+02
9.672035556099700671e+01 2.590506752311016498e+02
8.618526726135485205e+01 2.644954157694356809e+02
9.319787814043381502e+01 2.678448476807441239e+02
8.003266805463471201e+01 2.613506575898438200e+02
8.939529394515381000e+01 2.629714041667885454e+02
8.999948364049639338e+01 2.583876341091236668e+02
8.183712001678262027e+01 2.543297158398180500e+02
8.665123144305876224e+01 2.726289958751472113e+02
8.877175007847381494e+01 2.741799509790877210e+02
8.453560216630293667e+01 2.723428253065824265e+02
8.137803018211999984e+01 2.480016602691593448e+02
7.519786091479996060e+01 2.582353066652173652e+02
9.015525723765085786e+01 2.652347115327302163e+02
8.490605077220776309e+01 2.593480669914353598e+02
8.750427354251870327e+01 2.628600794667416380e+02
9.208671845288579050e+01 2.718688976970181557e+02
8.836916088958261639e+01 2.691282590734057862e+02
8.495196909014198638e+01 2.519070630340048638e+02
9.554864462225776833e+01 2.694772768350568413e+02
8.490022558652611906e+01 2.591214270448891170e+02
8.006516001520260772e+01 2.744344538380819358e+02
8.365696777816276608e+01 2.442568732010641384e+02
9.452966639975726082e+01 2.712298727732953125e+02
9.597083189479766929e+01 2.731850112372608805e+02
8.249776949627558054e+01 2.835972803607164110e+02
8.934882740550429503e+01 2.742906629577572630e+02
9.235601924527858841e+01 2.683060877166731188e+02
9.256257964055154730e+01 2.566404028267228909e+02
7.715886122253446899e+01 2.673992162242229256e+02
8.548580042726425177e+01 2.674870269941581569e+02
8.344836545403934736e+01 2.587848925140593792e+02
8.611363688817790774e+01 2.714781127677252925e+02
8.159929022361930606e+01 2.723894565607362779e+02
7.807989324358857175e+01 2.739241815178744446e+02
7.898179413884916755e+01 2.708835108374696006e+02
8.192056985132813907e+01 2.644690367550206247e+02
8.550470103903379027e+01 2.670893249133598601e+02
7.969823461676323006e+01 2.598702515420322925e+02
8.747202725543439783e+01 2.572986436641890009e+02
9.474679702828821348e+01 2.625612636375054763e+02
9.018447743654409976e+01 2.488373436933767096e+02
9.075927431014667945e+01 2.562861068479613209e+02
9.856210458626877369e+01 2.695806277442064811e+02
9.407761226750338324e+01 2.567621979438485482e+02
8.452833285031734079e+01 2.546704233069476970e+02
9.207561523929534530e+01 2.879652524144392487e+02
8.049315007616451112e+01 2.516228494468494432e+02
1.006915826620053735e+02 2.618226171438092251e+02
8.425116080906964555e+01 2.739376220856598252e+02
8.635905182624863130e+01 2.716978362452099987e+02
8.879651301432845401e+01 2.757793942410566501e+02
9.452386717288523243e+01 2.759344264677259844e+02
8.689921917529208883e+01 2.562252702889463762e+02
8.915256720645949429e+01 2.690202380706352869e+02
8.914745932343508628e+01 2.567426280590681813e+02
8.534052353465439467e+01 2.683831474587888692e+02
8.402119722485866760e+01 2.619694516108763764e+02
8.565549365256360659e+01 2.749893450514635447e+02
8.675121061827378810e+01 2.644036846918027095e+02
9.098740699590958059e+01 2.728055013475930650e+02
8.647184992641565771e+01 2.623201484605042424e+02
8.734174359740745786e+01 2.517146216577770872e+02
8.393058029569102985e+01 2.632497333970918589e+02
8.985054649890605560e+01 2.567332442927353782e+02
9.335999937838661822e+01 2.579820290543106012e+02
8.920429538412562920e+01 2.629944977891557869e+02
8.549753791707048833e+01 2.635018422784016821e+02
8.645676340419124983e+01 2.690007162106946339e+02
9.360420630935917075e+01 2.748929960135099577e+02
8.453842374993479325e+01 2.678150685477018556e+02
9.001024321279686546e+01 2.715031245410716565e+02
8.807187843566080687e+01 2.700775560630763152e+02
8.987226692712299325e+01 2.639936752827862279e+02
8.677118402037218914e+01 2.717090603227741212e+02
9.496011940475976587e+01 2.589012831851737815e+02
1.038513372151441843e+02 2.823027773287563491e+02
8.909414161108649921e+01 2.627684696145968246e+02
8.458878392952131264e+01 2.824624294173667067e+02
9.632163898739860031e+01 2.587181698395418721e+02
8.413412093716637230e+01 2.606182959093462728e+02
1.016895358177473554e+02 2.655896920611151018e+02
9.011393209374520552e+01 2.324916728769890426e+02
9.913400738512549992e+01 2.670543902115624064e+02
8.568002850607712162e+01 2.525152298333286751e+02
8.466237801174021627e+01 2.520654857313470814e+02
8.367332133890431578e+01 2.507880755218785680e+02
8.790093029898258692e+01 2.751927048245919423e+02
9.707464576596336769e+01 2.584951074901267134e+02
8.617896217525152736e+01 2.518483109756621161e+02
9.286695705897091102e+01 2.705612128826186904e+02
9.725976879674880138e+01 2.473085772323063622e+02
9.968170827792822308e+01 2.696632471358232692e+02
9.723122562722559792e+01 2.576847062009523484e+02
9.972135971361898044e+01 2.645933428096459465e+02
8.854688631938923038e+01 2.879087813184550555e+02
8.329692955279989519e+01 2.593071307823665848e+02
8.280003898947792607e+01 2.687093476242881138e+02
7.191884880690717807e+01 2.881089530859125034e+02
8.098059672261700825e+01 2.834745250523595246e+02
9.229879840308805683e+01 2.837035120241927189e+02
7.501942116359379042e+01 2.724212694112902682e+02
8.637401144805826902e+01 2.584852685531925545e+02
9.046115624182777992e+01 2.604139609500796837e+02
9.700610104058927163e+01 2.541241214085096374e+02
7.568343415210556202e+01 2.555300827769393948e+02
8.431587075310679325e+01 2.595314260031297522e+02
8.579078069669017736e+01 2.567847604157956880e+02
8.107151464757951942e+01 2.584458126404020959e+02
7.728728043339918941e+01 2.435128796442602663e+02
8.128452334711305127e+01 2.507385528248338460e+02
8.432168167584180196e+01 2.730265009011858410e+02
8.701568582972451793e+01 2.643929580437377354e+02
8.520570655095264101e+01 2.674168700204452307e+02
9.546094128964773518e+01 2.716723929168289828e+02
8.583621224817869688e+01 2.793979886117090246e+02
7.781309488159240573e+01 2.463343368134545130e+02
9.293736835515305472e+01 2.636040090986064115e+02
9.174174474289021930e+01 2.634738804820090650e+02
8.195422437736708332e+01 2.548623896892683263e+02
8.601707169425795030e+01 2.436299711390043115e+02
8.896999383133064043e+01 2.613988357433998431e+02
8.313726047936692964e+01 2.674529628398923364e+02
9.154431792294370496e+01 2.669713298351245498e+02
9.141685109154420275e+01 2.491573623113988560e+02
7.778583199621080269e+01 2.679857361508768463e+02
8.092398097110448418e+01 2.534441389741259911e+02
1.010406018277013800e+02 2.510188813014265747e+02
8.697438498018840392e+01 2.567078661300732279e+02
8.142499084553686828e+01 2.628230003725496999e+02
9.138156067100534585e+01 2.615716884405610472e+02
9.851964119669018771e+01 2.712421378084395656e+02
8.247142939093527048e+01 2.639051951616646079e+02
7.787280864357929033e+01 2.815188541690260422e+02
8.594840043259793561e+01 2.706335769075846542e+02
8.231529407399538911e+01 2.700389776984575860e+02
8.266753587385876756e+01 2.664625027666389769e+02
9.204116234110728101e+01 2.804190735639933791e+02
8.939661718524600076e+01 2.646749472519170467e+02
8.755938846122293739e+01 2.566384017040665526e+02
7.804175892539707604e+01 2.619012175371892681e+02
8.494081867454100632e+01 2.730573845051185344e+02
9.327668651426979807e+01 2.578156720741695267e+02
7.844946580555910032e+01 2.534402851126842791e+02
7.851040856209257868e+01 2.621620223098997826e+02
8.414599657766932239e+01 2.633676152543468447e+02
8.120461802838714505e+01 2.677550851032136165e+02
9.417660701477738883e+01 2.568265192070119838e+02
8.140214647900786815e+01 2.628019771477852942e+02
9.091183347731291065e+01 2.642937711725902545e+02
7.894537923186561557e+01 2.653676786552062481e+02
1.038249966035143075e+02 2.597556685896356612e+02
8.987586195501771158e+01 2.652605968819675581e+02
7.019517585869041909e+01 2.609364211652213612e+02
8.451447079789448935e+01 2.696663789556220650e+02
9.033273215669233025e+01 2.731876329350083097e+02
8.440699944656793718e+01 2.722205666761001339e+02
9.991794092853366749e+01 2.601989335939747434e+02
8.391030749682853696e+01 2.569039924393231331e+02
7.737083160383012626e+01 2.633966086666125079e+02
9.589781320781327167e+01 2.619980299811908253e+02
8.441455419209373190e+01 2.597383758269369878e+02
8.135876557367956252e+01 2.782736896669549083e+02
8.728775615415354139e+01 2.517540721605324734e+02
8.247961817716260668e+01 2.674652686434948237e+02
7.822402931825421035e+01 2.780964738237501024e+02
8.299322901308904932e+01 2.881252373063031769e+02
8.685249664236462763e+01 2.589664478665721390e+02
8.171878676695374111e+01 2.624987990623522478e+02
8.732095503008686421e+01 2.506581503033596903e+02
7.347246888260136188e+01 2.722094120356112512e+02
8.213864269580622590e+01 2.653245831895727065e+02
8.785997533486084876e+01 2.749539366129361611e+02
8.008462897296250560e+01 2.814388333883516111e+02
8.110692859053854420e+01 2.833336136773368708e+02
9.492395909827462219e+01 2.679442055206425266e+02
8.772668962128703640e+01 2.639550254128955658e+02
8.898901306275686807e+01 2.485536289520463527e+02
9.288378596192055170e+01 2.532683545039776050e+02
8.796657769827508844e+01 2.570783132092739720e+02
8.377829028245797360e+01 2.573525010786174789e+02
1.001837958348355642e+02 2.629707624219028617e+02
7.966374550911274355e+01 2.789483493803355145e+02
8.898929590286091695e+01 2.598828399011478041e+02
8.090411995322261873e+01 2.633718002366319979e+02
9.225611157355803016e+01 2.641259405432360836e+02
8.686482742687267944e+01 2.575615240368383638e+02
9.651928863857727947e+01 2.532658901814448029e+02
9.195508226925065287e+01 2.885111509288724392e+02
9.531685547178956597e+01 2.478520897637042708e+02
7.660066079264713323e+01 2.602105925524357417e+02
7.944651960979966532e+01 2.755895258717841330e+02
8.280856563314225127e+01 2.460796317838184564e+02
9.319117762815419326e+01 2.667397399452377158e+02
8.138638624947616051e+01 2.703875688271822355e+02
8.098947184698153023e+01 2.579445922177535522e+02
8.703909240583290341e+01 2.616835093922612145e+02
8.492072993242148016e+01 2.566795497279839537e+02
7.904765249078566569e+01 2.655767585567411402e+02
8.691826835778054772e+01 2.532554092572648301e+02
8.402471747832201743e+01 2.493420049516919335e+02
9.521440233737662595e+01 2.827899431469077172e+02
9.938209316546880245e+01 2.550079762260800464e+02
8.766265492914061497e+01 2.613797220995257362e+02
1.014399947300321401e+02 2.564760375052641734e+02
8.124828617413572829e+01 2.641635188559519065e+02
8.042196430837982746e+01 2.664904897156087600e+02
8.431171016419995112e+01 2.703597970354646804e+02
9.244009816464209450e+01 2.663545351028243431e+02
8.867522197618924906e+01 2.685440954584473161e+02
8.903410559014352543e+01 2.690446409369168919e+02
8.264370373896406363e+01 2.680678640768111904e+02
8.289592477525090430e+01 2.604819039652218180e+02
1.026890228725051060e+02 2.615112669244153949e+02
9.868872478404415460e+01 2.569238456387565748e+02
9.273385757791010064e+01 2.545562608873229919e+02
8.988504303644027971e+01 2.667123494732760491e+02
8.370231749048086556e+01 2.679824476504180666e+02
8.339061657501126490e+01 2.553653751153478311e+02
8.799801201345390211e+01 2.823373986707728704e+02
9.400011671994494122e+01 2.799475899694538725e+02
8.263794935736804348e+01 2.750448262191550270e+02
8.877883469766101143e+01 2.710370890620264959e+02
8.277987881267981152e+01 2.688718427026777817e+02
8.686278809241576937e+01 2.534023137839508593e+02
9.560415505135769365e+01 2.706889668072844870e+02
8.803310484339488085e+01 2.614462630253358952e+02
8.268405336706406672e+01 2.612941071615630335e+02
8.763177831535197981e+01 2.490718482088698806e+02
9.278743633534804758e+01 2.648013274366064707e+02
8.130035322379025331e+01 2.731923582592282287e+02
1.020857525311115666e+02 2.752061426214237372e+02
8.771026499267189536e+01 2.800741702547730370e+02
8.912892368742137705e+01 2.494984452603071929e+02
8.502946782631663325e+01 2.600141745724254747e+02
7.639466064770759601e+01 2.728919870397236309e+02
8.958448012253491299e+01 2.646928213641796788e+02
9.402420952825444544e+01 2.595416492790436109e+02
7.857696074263982666e+01 2.535326504758819226e+02
8.005286398592143371e+01 2.713761139403937932e+02
9.831824611116559254e+01 2.683521941202275229e+02
8.201255321348502036e+01 2.657046794772161320e+02
8.282346921293235198e+01 2.661371049641761033e+02
8.134987189833006482e+01 2.578540599626726362e+02
8.612284088658063297e+01 2.590560553274634117e+02
8.571811436580929922e+01 2.689798628009692152e+02
9.009655554068876882e+01 2.631282015245409980e+02
7.593278692886940462e+01 2.718271242793780971e+02
9.083434422219279725e+01 2.414078140386683913e+02
8.230209417844176301e+01 2.541397840992507895e+02
9.522379500569522293e+01 2.530917254836440407e+02
8.482028734120648039e+01 2.652773198280524980e+02
9.378627555554324147e+01 2.565100292534285131e+02
8.769195477637528313e+01 2.594869752857379694e+02
8.479841312645649509e+01 2.660692093963011189e+02
8.268268912683518579e+01 2.623648184756787600e+02
8.444764768763518248e+01 2.517206390264362881e+02
8.964795332846316001e+01 2.617678899390373886e+02
8.515367192497825499e+01 2.559699623978767988e+02
8.393375729722021106e+01 2.656607399897130222e+02
8.916184257259683932e+01 2.650980897230805908e+02
9.570127941671228200e+01 2.673632095431509015e+02
8.716372361952916492e+01 2.471313487232730211e+02
8.250835730659927947e+01 2.579096837990556992e+02
8.289716687202782452e+01 2.607785748275514948e+02
8.667204157255928010e+01 2.682572347631530079e+02
8.635919551641704572e+01 2.616121124782663401e+02
8.868079667193622129e+01 2.686505574922258575e+02
8.233434109633155629e+01 2.572312916330734538e+02
9.652628195908926045e+01 2.851630015777466838e+02
8.641369647294962419e+01 2.681490656735686571e+02
8.113197152030012660e+01 2.666568867320070240e+02
1.021484927038293478e+02 2.664625306157896034e+02
8.185551000698140456e+01 2.387160973213183865e+02
7.580393797762096142e+01 2.399443748815684216e+02
8.756012861785983148e+01 2.503217029994073926e+02
8.932887708276851413e+01 2.377833476299221900e+02
8.326690574935271627e+01 2.498210780972309806e+02
8.854905567819385226e+01 2.864307453061011870e+02
7.541551715065595829e+01 2.679427469789119414e+02
8.324189230032126829e+01 2.618261699642953317e+02
7.981874379028887745e+01 2.628048582297581675e+02
8.929747289802817534e+01 2.632379733900159522e+02
9.266137668379077752e+01 2.603250382006553423e+02
8.668540039749468917e+01 2.779192705850982748e+02
9.550316255770597706e+01 2.640100720103171170e+02
9.375413798597324444e+01 2.774140416843288222e+02
9.097157954661186352e+01 2.502257209019516608e+02
8.790204922857348890e+01 2.584988065718167149e+02
9.749802858557224283e+01 2.530770943259417436e+02
8.547220790084051600e+01 2.550650334588342787e+02
8.601254492350476255e+01 2.549555708246530799e+02
9.670885390739474019e+01 2.391316468352938500e+02
9.792185387051875978e+01 2.513011652408684142e+02
9.347962114706594150e+01 2.633419639294085073e+02
9.159785634108322938e+01 2.628006749914540023e+02
7.361166212940553066e+01 2.508534526497122954e+02
8.511019437490604389e+01 2.563757317498381099e+02
9.055241870604777432e+01 2.645327254311587239e+02
8.140379026406958474e+01 2.684377504060385604e+02
8.462533647578248974e+01 2.550874694566627170e+02
8.881860931462190933e+01 2.783961993203259908e+02
8.285762910564908168e+01 2.590042503285795874e+02
9.072185622820776985e+01 2.724670817419737432e+02
7.821846559135708787e+01 2.479947369836882558e+02
7.560498444613443780e+01 2.614472437434386620e+02
1.051884629759087204e+02 2.615620508138972582e+02
8.127824698364486267e+01 2.560742996172033941e+02
9.480757243510710452e+01 2.632591651264420989e+02
8.993816088330702030e+01 2.547772653724629492e+02
8.873898835493082515e+01 2.675022774662211305e+02
7.709001107581812562e+01 2.533917835396459566e+02
9.486014394151047213e+01 2.497478501638394448e+02
9.852397146310717346e+01 2.682595764124488369e+02
1.033363182092800656e+02 2.760192574820667915e+02
8.815904923441853214e+01 2.558000898411210358e+02
8.871147517600724086e+01 2.754698123577675801e+02
8.638239882218007892e+01 2.676965746127706893e+02
8.779578007700959574e+01 2.715825183600842365e+02
9.411810375390814443e+01 2.678016443319075961e+02
8.928382019757303567e+01 2.693418014470730100e+02
8.701937436131538561e+01 2.619372179185946834e+02
8.323516779363289686e+01 2.683015823231572767e+02
9.815723191668487857e+01 2.625799183645037829e+02
8.276456475746221031e+01 2.595477905500005136e+02
7.488823684149556925e+01 2.595555317110248552e+02
8.587689301317340096e+01 2.593392558561968144e+02
8.706573245788094084e+01 2.595629517898738641e+02
8.876189633511491195e+01 2.456804357886783237e+02
9.780557418515400059e+01 2.678374182876125928e+02
9.170594591626479541e+01 2.576874033928241943e+02
8.509967797404389955e+01 2.708768981378822787e+02
9.668288565704656889e+01 2.568423440442815036e+02
8.650308986974941661e+01 2.514562688271103070e+02
8.513009796947764585e+01 2.679692522989901704e+02
7.348864584293606583e+01 2.728088837698589373e+02
9.295071918722410942e+01 2.641967392803585994e+02
9.207936418044792504e+01 2.636196801933742790e+02
9.392308960640856697e+01 2.637142705574888737e+02
8.894377484329949368e+01 2.481120216903221944e+02
8.286478377227648195e+01 2.607083349211561654e+02
8.092921310911492583e+01 2.632032698110060096e+02
8.925980251324905623e+01 2.596718307257285687e+02
8.466151605436466809e+01 2.777705222074955032e+02
9.505655069321231565e+01 2.781528662731794270e+02
8.735226218139402476e+01 2.746958281923024288e+02
8.645679322043838511e+01 2.584467399652227755e+02
8.686214828249882203e+01 2.607741872397555198e+02
8.799983818750375519e+01 2.563205312834411416e+02
7.999804693927576693e+01 2.576581382974471808e+02
7.852991964266982450e+01 2.402523326025423103e+02
8.663448134496995579e+01 2.665158096188991976e+02
8.674449077214775627e+01 2.544649149982886058e+02
9.934299166302591289e+01 2.671991606888769297e+02
8.426481678552892163e+01 2.686697274697426678e+02
8.985041585691109844e+01 2.680448843119916660e+02
8.663898973426678651e+01 2.707102176099893427e+02
8.631342728011264853e+01 2.480188061777885764e+02
8.858584273480329330e+01 2.780506026024611970e+02
9.644988207754300902e+01 2.630420007504861815e+02
7.916046379089617346e+01 2.541320948512922939e+02
8.399462671198634212e+01 2.582230043419968410e+02
8.177003680445366740e+01 2.562244434922560572e+02
8.512390909533354488e+01 2.555829210728528267e+02
8.853904669022935536e+01 2.617125182013334097e+02
9.337751104300471638e+01 2.742801879118564443e+02
8.886063865107180959e+01 2.621743164236063421e+02
7.941509043340779783e+01 2.736070843913931299e+02
8.594412278909923941e+01 2.505579098556076474e+02
8.604184359128733206e+01 2.674773700982654532e+02
8.824546581267676970e+01 2.627196471884319067e+02
1.025947750944156667e+02 2.624515067255612166e+02
8.846713510531826330e+01 2.650043486332830867e+02
9.850668961408737800e+01 2.464643855790034479e+02
8.465657332590620854e+01 2.574595494143155179e+02
1.011122646392366846e+02 2.717918435044954890e+02
1.036345540796487796e+02 2.698567655900395721e+02
8.799149234679727272e+01 2.504120163446219181e+02
7.974465612007959692e+01 2.558972398541467044e+02
8.238193220162229125e+01 2.561171370134713356e+02
9.374448361603751323e+01 2.602741801397272638e+02
8.858677882963003469e+01 2.496995494166057483e+02
8.454511011140886012e+01 2.409963661785527620e+02
1.030042947064437158e+02 2.479919954000719997e+02
8.269090932654833637e+01 2.647343181060202255e+02
7.660118619369048076e+01 2.677889467555077090e+02
8.933387924692377169e+01 2.438432976951316107e+02
8.363629921212890395e+01 2.741646104886291937e+02
8.823969290250036579e+01 2.428144399265850666e+02
9.618436204105105958e+01 2.820843636074839083e+02
7.955076851019887840e+01 2.638654022076397609e+02
9.480372133874585927e+01 2.549913074494185992e+02
8.476932746181270772e+01 2.560088682973783420e+02
7.868004776508425380e+01 2.679845556911760127e+02
8.749482908924211699e+01 2.683159535289124165e+02
8.518830225619052499e+01 2.625699541506843389e+02
9.170846529419458193e+01 2.492633016324490143e+02
8.791665456602575546e+01 2.756454185259515839e+02
8.799468002428916691e+01 2.762566664441906141e+02
8.905065704681199179e+01 2.763820836435773458e+02
8.494175715419251560e+01 2.662699541615189105e+02
9.897762618783720256e+01 2.578429063753695800e+02
8.438442003221315701e+01 2.626331651652350843e+02
9.703835120230372979e+01 2.473764661914441092e+02
8.391468296978787578e+01 2.675921511489847830e+02
8.981504332386292333e+01 2.518254512897822792e+02
8.963342587582054932e+01 2.495236466343709480e+02
9.426272552200798316e+01 2.617631356902591051e+02
9.338680017976156478e+01 2.431798001159376383e+02
8.039185267585818906e+01 2.579644240887647015e+02
7.995878702096740653e+01 2.529990911896089472e+02
9.405878443652412102e+01 2.624494388751224960e+02
9.609522330386242572e+01 2.776901821125731544e+02
8.331614875942207732e+01 2.722265396877228909e+02
8.141012674958770390e+01 2.743467011693898598e+02
8.902211640205699439e+01 2.538893563310383001e+02
9.505754960604936343e+01 2.693940809331053856e+02
9.438391662116238479e+01 2.660035935787012136e+02
8.585387666752727398e+01 2.667946764558342352e+02
8.160483843223656208e+01 2.437621496729854016e+02
7.974091514549107274e+01 2.667181418737175136e+02
9.975128353439714601e+01 2.319685949618496750e+02
9.755252052259901063e+01 2.797115637324923796e+02
8.114468108901357368e+01 2.619106310171490577e+02
9.376429073649637758e+01 2.524618978355208014e+02
7.785445077739304054e+01 2.530869928816457559e+02
9.223085276137911137e+01 2.658533483115029412e+02
8.943500298059682052e+01 2.577289735946943097e+02
9.299436265873293905e+01 2.609601688341165868e+02
8.713731453192440313e+01 2.541472402019113019e+02
8.180734626059296488e+01 2.413390635500551866e+02
7.582196011715346629e+01 2.567770693353381262e+02
9.964443841459139151e+01 2.688782687700166889e+02
8.905666931818552712e+01 2.439577168252876902e+02
8.545533909604944256e+01 2.897385118600085434e+02
9.377362397139479810e+01 2.623528071554743519e+02
1.000781714386999965e+02 2.495949795352294416e+02
8.668270365269647471e+01 2.477592936912514290e+02
9.963592528439491502e+01 2.559672484890509168e+02
7.823668765466551633e+01 2.569476926216535730e+02
9.353509038300872191e+01 2.487218445479821867e+02
9.621459296022895558e+01 2.462697126012022864e+02
1.017878211317075454e+02 2.754211995888405227e+02
9.361079381098949170e+01 2.752556624649913601e+02
8.854843856857945639e+01 2.556424075551083490e+02
9.064498152733629865e+01 2.644660664900852680e+02
8.638410912490603266e+01 2.529079886093346090e+02
8.542436519093440950e+01 2.593677547451957821e+02
8.743348202057747187e+01 2.664318497322400390e+02
8.493113178668110663e+01 2.532855456564547865e+02
9.103958607772158018e+01 2.658757934109968915e+02
1.001740700228605192e+02 2.621981023123942691e+02
8.644301767156032668e+01 2.743919433012436002e+02
9.380331097534009643e+01 2.540334478963548577e+02
9.759887060091546118e+01 2.386553868490704815e+02
8.672690287949127708e+01 2.519161168844680390e+02
9.044825954975182469e+01 2.438911121667528050e+02
9.073956044443220037e+01 2.680822280932321746e+02
9.447806213333575442e+01 2.553722539837441445e+02
9.615633989428000916e+01 2.695439399905599203e+02
8.647975249798807340e+01 2.667532897723760925e+02
8.336891610779953510e+01 2.608999086276900243e+02
8.951385298714667726e+01 2.769388215898120507e+02
8.361512440786481193e+01 2.501953465510448211e+02
1.014063548671466179e+02 2.507634433041297370e+02
8.743319898405758295e+01 2.360181640809366002e+02
9.181600261344922842e+01 2.603761152774382595e+02
7.929140884063629358e+01 2.697546043242899714e+02
8.898497937323135432e+01 2.464853694394587933e+02
7.107738139451471682e+01 2.417028474721755913e+02
7.078581774566309548e+01 2.699410313150236220e+02
8.733103343269726793e+01 2.571845079273811052e+02
8.874148928020291294e+01 2.355792942728020876e+02
8.840852735279287344e+01 2.485747535869489866e+02
9.338134582152333962e+01 2.473736827768078399e+02
1.047140661057113249e+02 2.607080909534561215e+02
8.953479337777045544e+01 2.595366249242186427e+02
8.810208343470648629e+01 2.500575344839864158e+02
9.451997925172913995e+01 2.620848477174159825e+02
8.799006260572457450e+01 2.513680009727679590e+02
8.587358814361181203e+01 2.527022732824846685e+02
9.409096601665595472e+01 2.794843461445307753e+02
7.939437132872882330e+01 2.532738139606973675e+02
9.016750039449925680e+01 2.553362201801770368e+02
9.305097118906186893e+01 2.577502474368960748e+02
9.662271725694546376e+01 2.582425872567474130e+02
8.461485779280172892e+01 2.470378861311640151e+02
9.129741406376690804e+01 2.719033036423376188e+02
1.048573924781723008e+02 2.696380405621202385e+02
8.457261827243671348e+01 2.654743435058014711e+02
7.603148070344278153e+01 2.532121170803758901e+02
8.175106532710103124e+01 2.533588390423255987e+02
9.048245820421186636e+01 2.444460184010195007e+02
9.658428610649475843e+01 2.510539423071578824e+02
9.447513808039903438e+01 2.782148175289952974e+02
9.665527132036524449e+01 2.679964691984730507e+02
